5.20246e-02  1.10543e-01
8.09533e-02  2.15936e-01
9.19485e-02  2.48158e-01
9.93270e-02  2.69196e-01
1.04682e-01  2.86599e-01
1.08298e-01  3.04472e-01
1.11486e-01  3.19428e-01
1.14347e-01  3.32308e-01
1.16762e-01  3.44651e-01
1.18806e-01  3.56747e-01
1.20717e-01  3.67705e-01
1.22515e-01  3.77721e-01
1.24081e-01  3.87791e-01
1.25521e-01  3.97479e-01
1.26897e-01  4.06528e-01
1.28216e-01  4.15015e-01
1.29381e-01  4.23743e-01
1.30498e-01  4.32052e-01
1.31578e-01  4.39938e-01
1.32612e-01  4.47537e-01
1.33555e-01  4.55261e-01
1.34471e-01  4.62652e-01
1.35363e-01  4.69737e-01
1.36212e-01  4.76715e-01
1.37009e-01  4.83693e-01
1.37787e-01  4.90419e-01
1.38549e-01  4.96911e-01
1.39270e-01  5.03403e-01
1.39961e-01  5.09818e-01
4.00003e-01  3.66322e+00
4.01490e-01  3.67061e+00
4.02960e-01  3.67786e+00
4.04413e-01  3.68495e+00
4.05850e-01  3.69191e+00
4.07271e-01  3.69874e+00
4.08677e-01  3.70543e+00
4.10068e-01  3.71199e+00
4.11444e-01  3.71843e+00
4.12806e-01  3.72475e+00
4.14155e-01  3.73096e+00
4.15490e-01  3.73705e+00
4.16811e-01  3.74304e+00
4.18120e-01  3.74892e+00
4.19416e-01  3.75470e+00
4.20700e-01  3.76038e+00
4.21971e-01  3.76597e+00
4.23231e-01  3.77146e+00
4.24479e-01  3.77686e+00
4.25716e-01  3.78217e+00
4.26942e-01  3.78740e+00
4.28157e-01  3.79254e+00
4.29361e-01  3.79761e+00
4.30555e-01  3.80259e+00
4.31739e-01  3.80750e+00
4.32913e-01  3.81233e+00
4.34077e-01  3.81709e+00
4.35231e-01  3.82178e+00
4.36376e-01  3.82640e+00
4.37511e-01  3.83095e+00
4.38638e-01  3.83544e+00
4.39755e-01  3.83986e+00
4.40864e-01  3.84422e+00
4.41964e-01  3.84852e+00
4.43056e-01  3.85276e+00
4.44140e-01  3.85695e+00
4.45215e-01  3.86107e+00
4.46282e-01  3.86514e+00
4.47342e-01  3.86916e+00
4.48394e-01  3.87312e+00
4.49438e-01  3.87703e+00
4.50474e-01  3.88089e+00
4.51504e-01  3.88470e+00
4.52526e-01  3.88847e+00
4.53541e-01  3.89218e+00
4.54548e-01  3.89585e+00
4.55549e-01  3.89947e+00
4.56544e-01  3.90305e+00
4.57531e-01  3.90659e+00
4.58512e-01  3.91008e+00
4.59487e-01  3.91354e+00
4.60455e-01  3.91695e+00
4.61417e-01  3.92032e+00
4.62373e-01  3.92365e+00
4.63322e-01  3.92694e+00
4.64266e-01  3.93020e+00
4.65204e-01  3.93342e+00
4.66136e-01  3.93660e+00
4.67062e-01  3.93975e+00
4.67982e-01  3.94286e+00
4.68897e-01  3.94594e+00
4.69807e-01  3.94899e+00
4.70711e-01  3.95200e+00
4.71609e-01  3.95498e+00
4.72503e-01  3.95793e+00
4.73391e-01  3.96085e+00
4.74274e-01  3.96373e+00
4.75152e-01  3.96659e+00
4.76025e-01  3.96942e+00
4.76893e-01  3.97221e+00
4.77756e-01  3.97498e+00
4.78615e-01  3.97773e+00
4.79468e-01  3.98044e+00
4.80317e-01  3.98313e+00
4.81162e-01  3.98579e+00
4.82001e-01  3.98843e+00
4.82837e-01  3.99103e+00
4.83667e-01  3.99362e+00
4.84494e-01  3.99618e+00
4.85316e-01  3.99871e+00
4.86134e-01  4.00122e+00
4.86947e-01  4.00371e+00
4.87757e-01  4.00618e+00